1 0.63515625 0.2859375 0.0703125 0.13515625
0 0.5140625 0.3046875 0.07265625 0.128125
1 0.41484375 0.2859375 0.0546875 0.10546875
1 0.2953125 0.25546875 0.05 0.075
1 0.8375 0.2765625 0.06015625 0.13125
1 0.70625 0.27265625 0.05703125 0.09921875
1 0.3015625 0.24765625 0.06796875 0.07578125
1 0.24921875 0.2875 0.03984375 0.0453125
1 0.21328125 0.29765625 0.0453125 0.07421875
1 0.16484375 0.296875 0.03203125 0.04609375
1 0.09453125 0.2921875 0.0390625 0.040625
1 0.025 0.29921875 0.0296875 0.04609375
1 0.11875 0.29453125 0.02578125 0.040625
1 0.97734375 0.346875 0.0453125 0.146875