0 0.7296875 0.15078125 0.05078125 0.103125
0 0.74140625 0.0984375 0.05625 0.0890625
0 0.56640625 0.12578125 0.08671875 0.1125
0 0.46484375 0.1125 0.0609375 0.09921875
0 0.38515625 0.14609375 0.07734375 0.12734375
0 0.28203125 0.14765625 0.1265625 0.16171875
0 0.13046875 0.0859375 0.11953125 0.11796875
0 0.84296875 0.14765625 0.053125 0.1015625
0 0.9015625 0.1640625 0.04140625 0.0984375
0 0.95078125 0.23203125 0.0984375 0.1234375
0 0.97265625 0.14453125 0.0546875 0.0796875
1 0.19140625 0.67890625 0.2890625 0.6421875
1 0.5484375 0.44921875 0.2 0.38203125
1 0.7515625 0.375 0.14765625 0.3359375
1 0.9046875 0.61484375 0.17890625 0.45625
1 0.090625 0.30703125 0.16015625 0.23828125