0 0.2703125 0.15078125 0.05078125 0.103125
0 0.25859375 0.0984375 0.05625 0.0890625
0 0.43359375 0.12578125 0.08671875 0.1125
0 0.53515625 0.1125 0.0609375 0.09921875
0 0.61484375 0.14609375 0.07734375 0.12734375
0 0.71796875 0.14765625 0.1265625 0.16171875
0 0.86953125 0.0859375 0.11953125 0.11796875
0 0.15703125 0.14765625 0.053125 0.1015625
0 0.0984375 0.1640625 0.04140625 0.0984375
0 0.04921875 0.23203125 0.0984375 0.1234375
0 0.02734375 0.14453125 0.0546875 0.0796875
1 0.80859375 0.67890625 0.2890625 0.6421875
1 0.4515625 0.44921875 0.2 0.38203125
1 0.2484375 0.375 0.14765625 0.3359375
1 0.0953125 0.61484375 0.17890625 0.45625
1 0.909375 0.30703125 0.16015625 0.23828125