0 0.23125 0.10234375 0.06796875 0.10234375
0 0.2796875 0.13359375 0.12265625 0.14375
0 0.36875 0.20234375 0.0875 0.1265625
0 0.45234375 0.1953125 0.12734375 0.134375
0 0.49765625 0.275 0.1046875 0.10859375
0 0.58984375 0.2640625 0.08828125 0.10390625
0 0.6078125 0.13515625 0.06484375 0.10390625
0 0.6671875 0.278125 0.0390625 0.0828125
0 0.68125 0.23515625 0.05703125 0.0828125
0 0.71015625 0.28984375 0.053125 0.0828125
0 0.74453125 0.253125 0.03359375 0.0671875
0 0.80390625 0.19921875 0.0625 0.14296875
0 0.9328125 0.290625 0.0828125 0.08984375
1 0.409375 0.6921875 0.79140625 0.49296875