0 0.76875 0.10234375 0.06796875 0.10234375
0 0.7203125 0.13359375 0.12265625 0.14375
0 0.63125 0.20234375 0.0875 0.1265625
0 0.54765625 0.1953125 0.12734375 0.134375
0 0.50234375 0.275 0.1046875 0.10859375
0 0.41015625 0.2640625 0.08828125 0.10390625
0 0.3921875 0.13515625 0.06484375 0.10390625
0 0.3328125 0.278125 0.0390625 0.0828125
0 0.31875 0.23515625 0.05703125 0.0828125
0 0.28984375 0.28984375 0.053125 0.0828125
0 0.25546875 0.253125 0.03359375 0.0671875
0 0.19609375 0.19921875 0.0625 0.14296875
0 0.0671875 0.290625 0.0828125 0.08984375
1 0.590625 0.6921875 0.79140625 0.49296875