0 0.078125 0.3015625 0.0765625 0.2828125 0.0453125 0.2515625 0.034375 0.2515625 0.0234375 0.2609375 0.028125 0.315625 0.009375 0.334375 0.0015625 0.35625 0 0.4234375 0.0078125 0.41875 0.0109375 0.4015625 0.0265625 0.3875 0.059375 0.3765625 0.103125 0.3984375 0.1 0.4203125 0.10625 0.440625 0.121875 0.4421875 0.1421875 0.4015625 0.134375 0.365625 0.1125 0.325 0.078125 0.3015625
0 0.35625 0.2 0.3421875 0.1875 0.3203125 0.184375 0.3 0.1875 0.290625 0.203125 0.3125 0.2828125 0.290625 0.321875 0.2921875 0.3796875 0.2734375 0.4453125 0.2609375 0.46875 0.2609375 0.4796875 0.2703125 0.4890625 0.28125 0.4875 0.296875 0.459375 0.3125 0.4453125 0.3125 0.3984375 0.3359375 0.396875 0.3265625 0.3546875 0.359375 0.30625 0.36875 0.2640625 0.35625 0.2
0 0.4328125 0.21875 0.425 0.190625 0.409375 0.178125 0.3890625 0.184375 0.384375 0.1984375 0.4171875 0.20625 0.4328125 0.21875
0 0.4375 0.24375 0.4265625 0.2203125 0.4109375 0.209375 0.3859375 0.221875 0.3875 0.2921875 0.3796875 0.3234375 0.3703125 0.3265625 0.346875 0.3546875 0.35 0.3921875 0.3671875 0.415625 0.4078125 0.40625 0.4421875 0.40625 0.4859375 0.4234375 0.496875 0.409375 0.49375 0.3859375 0.46875 0.33125 0.4421875 0.3171875 0.4328125 0.3046875 0.4375 0.24375
0 0.6015625 0.1703125 0.603125 0.096875 0.5953125 0.08125 0.565625 0.0859375 0.55 0.103125 0.55 0.13125 0.5703125 0.1796875 0.5640625 0.19375 0.54375 0.2125 0.5296875 0.2484375 0.5328125 0.35 0.5453125 0.3484375 0.5640625 0.2890625 0.5921875 0.296875 0.6546875 0.29375 0.6625 0.2703125 0.709375 0.309375 0.7171875 0.3328125 0.7359375 0.3328125 0.7359375 0.315625 0.7078125 0.265625 0.6875 0.2484375 0.678125 0.2296875 0.6578125 0.221875 0.65625 0.20625 0.646875 0.19375 0.6015625 0.1703125
0 0.6296875 0.15 0.625 0.0875 0.6078125 0.0765625 0.596875 0.08125 0.5984375 0.115625 0.60625 0.1234375 0.6046875 0.1453125 0.6203125 0.1734375 0.653125 0.1921875 0.6296875 0.15
0 0.825 0.121875 0.825 0.08125 0.809375 0.059375 0.7921875 0.0609375 0.7828125 0.0734375 0.7828125 0.096875 0.8 0.1328125 0.7734375 0.1640625 0.7625 0.221875 0.7515625 0.24375 0.753125 0.2609375 0.771875 0.26875 0.7890625 0.2640625 0.7921875 0.234375 0.8359375 0.2 0.8546875 0.1984375 0.8921875 0.2078125 0.9046875 0.228125 0.9234375 0.228125 0.9203125 0.2140625 0.8734375 0.153125 0.8546875 0.1453125 0.8328125 0.1453125 0.825 0.121875
0 0.8625 0.103125 0.846875 0.075 0.834375 0.0671875 0.8265625 0.06875 0.821875 0.0859375 0.8328125 0.0890625 0.8359375 0.121875 0.8421875 0.13125 0.8609375 0.134375 0.878125 0.15 0.8625 0.103125
1 0.1046875 0.4015625 0.1015625 0.3953125 0.059375 0.3765625 0.0359375 0.3828125 0.0109375 0.4015625 0.0125 0.425 0.0265625 0.4375 0.0265625 0.446875 0.0125 0.4625 0.0109375 0.515625 0.01875 0.5671875 0.04375 0.6390625 0.05625 0.6609375 0.0765625 0.6625 0.1140625 0.6453125 0.11875 0.621875 0.1125 0.565625 0.115625 0.5453125 0.10625 0.4625 0.1 0.4484375 0.0828125 0.440625 0.0875 0.4328125 0.1046875 0.428125 0.1046875 0.4015625
1 0.5296875 0.4390625 0.4921875 0.4328125 0.45 0.409375 0.3921875 0.4109375 0.359375 0.428125 0.35 0.4359375 0.3515625 0.4578125 0.3453125 0.4640625 0.3453125 0.4765625 0.365625 0.4890625 0.359375 0.5 0.371875 0.5 0.36875 0.5921875 0.3765625 0.6359375 0.384375 0.796875 0.390625 0.815625 0.40625 0.8328125 0.4359375 0.8453125 0.4484375 0.9046875 0.453125 0.9125 0.46875 0.915625 0.4828125 0.903125 0.4875 0.84375 0.50625 0.834375 0.5234375 0.7984375 0.5234375 0.6265625 0.5015625 0.525 0.4890625 0.5046875 0.4734375 0.5078125 0.459375 0.503125 0.4578125 0.490625 0.4796875 0.478125 0.5390625 0.4671875 0.5421875 0.4609375 0.5296875 0.4390625
1 0.6796875 0.31875 0.6734375 0.3046875 0.6578125 0.2953125 0.59375 0.3078125 0.5890625 0.3375 0.5765625 0.3609375 0.6203125 0.396875 0.6375 0.4296875 0.6375 0.4421875 0.61875 0.453125 0.61875 0.4625 0.6328125 0.4703125 0.6609375 0.5359375 0.671875 0.6109375 0.6828125 0.6359375 0.7 0.725 0.709375 0.7421875 0.7203125 0.746875 0.728125 0.7421875 0.728125 0.7296875 0.6859375 0.5015625 0.6859375 0.46875 0.6953125 0.4515625 0.68125 0.4328125 0.68125 0.415625 0.6890625 0.4046875 0.696875 0.36875 0.715625 0.3359375 0.7078125 0.3265625 0.6796875 0.31875
1 0.9015625 0.215625 0.8921875 0.2078125 0.8546875 0.1984375 0.828125 0.2046875 0.7921875 0.240625 0.809375 0.275 0.8046875 0.30625 0.8109375 0.35 0.846875 0.4953125 0.86875 0.528125 0.89375 0.5296875 0.8984375 0.5515625 0.9140625 0.5703125 0.925 0.5625 0.9203125 0.51875 0.9359375 0.5171875 0.9484375 0.4984375 0.946875 0.440625 0.921875 0.3046875 0.9109375 0.275 0.896875 0.265625 0.903125 0.253125 0.9015625 0.215625