0 0.75546875 0.12109375 0.08359375 0.1125
0 0.85703125 0.125 0.0609375 0.1171875
0 0.59921875 0.1234375 0.06953125 0.1078125
0 0.70390625 0.11015625 0.059375 0.078125
0 0.66796875 0.09921875 0.0484375 0.07734375
0 0.48359375 0.16171875 0.0609375 0.12265625
0 0.52265625 0.18046875 0.06171875 0.115625
0 0.37265625 0.20390625 0.05078125 0.1078125
0 0.4359375 0.16640625 0.053125 0.090625
0 0.2875 0.1671875 0.05 0.08984375
0 0.3359375 0.15078125 0.04453125 0.09296875
0 0.1765625 0.20546875 0.0515625 0.09375
0 0.05625 0.2046875 0.040625 0.06328125
0 0.084375 0.20078125 0.04140625 0.08984375
0 0.15703125 0.165625 0.05859375 0.0703125
0 0.2328125 0.153125 0.02890625 0.0484375
0 0.2609375 0.12109375 0.04453125 0.04453125
0 0.39140625 0.1359375 0.0359375 0.078125
0 0.54453125 0.12421875 0.07578125 0.09140625
0 0.93828125 0.08046875 0.0578125 0.06171875
1 0.56015625 0.5875 0.2609375 0.5921875
1 0.3703125 0.484375 0.15390625 0.309375
1 0.203125 0.5109375 0.1796875 0.3625
1 0.63046875 0.31640625 0.11875 0.259375
1 0.78359375 0.4015625 0.12734375 0.30859375
1 0.90234375 0.346875 0.11328125 0.27265625