0 0.88984375 0.54453125 0.1296875 0.175
0 0.68125 0.5296875 0.09609375 0.12734375
0 0.553125 0.51875 0.1078125 0.13984375
0 0.4796875 0.47578125 0.0625 0.0984375
0 0.36484375 0.51875 0.07578125 0.134375
0 0.31015625 0.4734375 0.0625 0.09375
0 0.16328125 0.4765625 0.078125 0.13359375
0 0.2328125 0.4609375 0.04765625 0.10546875
0 0.0546875 0.4546875 0.04765625 0.11640625
0 0.1296875 0.42265625 0.046875 0.08984375
0 0.6375 0.465625 0.059375 0.08046875
0 0.5609375 0.44609375 0.05078125 0.0671875
1 0.05 0.68984375 0.09453125 0.2671875
1 0.15 0.82734375 0.1171875 0.3453125
1 0.41796875 0.83515625 0.17734375 0.3296875
1 0.621875 0.83046875 0.165625 0.3390625
1 0.74140625 0.75 0.13203125 0.259375
1 0.875 0.7875 0.22890625 0.21953125