0 0.5109375 0.4859375 0.084375 0.18359375
0 0.5953125 0.38125 0.09375 0.13359375
0 0.48046875 0.4296875 0.109375 0.14140625
0 0.2765625 0.4015625 0.071875 0.11171875
0 0.1421875 0.334375 0.06484375 0.10625
0 0.10859375 0.3140625 0.04921875 0.08125
0 0.2640625 0.3125 0.04765625 0.065625
0 0.2171875 0.25 0.04375 0.059375
0 0.490625 0.253125 0.05859375 0.07734375
0 0.4484375 0.2453125 0.0421875 0.0609375
0 0.29140625 0.23203125 0.03984375 0.065625
0 0.2625 0.2109375 0.02890625 0.0546875
0 0.184375 0.2203125 0.04453125 0.06171875
0 0.1265625 0.19296875 0.03828125 0.0578125
0 0.0390625 0.27734375 0.03515625 0.0625
0 0.034375 0.209375 0.04453125 0.0515625
1 0.546875 0.71875 0.1875 0.3234375
1 0.3125 0.64140625 0.15625 0.28671875
1 0.13515625 0.49453125 0.10546875 0.18515625
1 0.0453125 0.3890625 0.059375 0.1453125
1 0.65390625 0.578125 0.1171875 0.2578125