0 0.4890625 0.4859375 0.084375 0.18359375
0 0.4046875 0.38125 0.09375 0.13359375
0 0.51953125 0.4296875 0.109375 0.14140625
0 0.7234375 0.4015625 0.071875 0.11171875
0 0.8578125 0.334375 0.06484375 0.10625
0 0.89140625 0.3140625 0.04921875 0.08125
0 0.7359375 0.3125 0.04765625 0.065625
0 0.7828125 0.25 0.04375 0.059375
0 0.509375 0.253125 0.05859375 0.07734375
0 0.5515625 0.2453125 0.0421875 0.0609375
0 0.70859375 0.23203125 0.03984375 0.065625
0 0.7375 0.2109375 0.02890625 0.0546875
0 0.815625 0.2203125 0.04453125 0.06171875
0 0.8734375 0.19296875 0.03828125 0.0578125
0 0.9609375 0.27734375 0.03515625 0.0625
0 0.965625 0.209375 0.04453125 0.0515625
1 0.453125 0.71875 0.1875 0.3234375
1 0.6875 0.64140625 0.15625 0.28671875
1 0.86484375 0.49453125 0.10546875 0.18515625
1 0.9546875 0.3890625 0.059375 0.1453125
1 0.34609375 0.578125 0.1171875 0.2578125