0 0.24453125 0.12109375 0.08359375 0.1125
0 0.14296875 0.125 0.0609375 0.1171875
0 0.40078125 0.1234375 0.06953125 0.1078125
0 0.29609375 0.11015625 0.059375 0.078125
0 0.33203125 0.09921875 0.0484375 0.07734375
0 0.51640625 0.16171875 0.0609375 0.12265625
0 0.47734375 0.18046875 0.06171875 0.115625
0 0.62734375 0.20390625 0.05078125 0.1078125
0 0.5640625 0.16640625 0.053125 0.090625
0 0.7125 0.1671875 0.05 0.08984375
0 0.6640625 0.15078125 0.04453125 0.09296875
0 0.8234375 0.20546875 0.0515625 0.09375
0 0.94375 0.2046875 0.040625 0.06328125
0 0.915625 0.20078125 0.04140625 0.08984375
0 0.84296875 0.165625 0.05859375 0.0703125
0 0.7671875 0.153125 0.02890625 0.0484375
0 0.7390625 0.12109375 0.04453125 0.04453125
0 0.60859375 0.1359375 0.0359375 0.078125
0 0.45546875 0.12421875 0.07578125 0.09140625
0 0.06171875 0.08046875 0.0578125 0.06171875
1 0.43984375 0.5875 0.2609375 0.5921875
1 0.6296875 0.484375 0.15390625 0.309375
1 0.796875 0.5109375 0.1796875 0.3625
1 0.36953125 0.31640625 0.11875 0.259375
1 0.21640625 0.4015625 0.12734375 0.30859375
1 0.09765625 0.346875 0.11328125 0.27265625