0 0.1734375 0.57421875 0.0546875 0.09140625
0 0.21640625 0.553125 0.0515625 0.08359375
0 0.33125 0.55546875 0.0625 0.09296875
0 0.36875 0.55390625 0.0453125 0.0609375
0 0.43828125 0.5484375 0.04296875 0.06953125
0 0.465625 0.52734375 0.0578125 0.0734375
0 0.49765625 0.48671875 0.06796875 0.0671875
0 0.6171875 0.53125 0.03359375 0.06796875
0 0.5890625 0.5046875 0.05859375 0.084375
0 0.73984375 0.53984375 0.0359375 0.078125
0 0.775 0.50625 0.04375 0.0796875
1 0.78046875 0.7515625 0.13515625 0.3078125
1 0.6390625 0.74375 0.1203125 0.26015625
1 0.47109375 0.7546875 0.1140625 0.26484375
1 0.32890625 0.78828125 0.121875 0.3015625
1 0.1703125 0.796875 0.12890625 0.3078125