0 0.65390625 0.33828125 0.15234375 0.33828125
0 0.5875 0.1375 0.11328125 0.1890625
0 0.5140625 0.1671875 0.16484375 0.2125
0 0.43515625 0.36953125 0.10859375 0.19921875
0 0.15703125 0.18828125 0.05859375 0.10625
0 0.08515625 0.18828125 0.0703125 0.1046875
0 0.1984375 0.15078125 0.06796875 0.09609375
0 0.64375 0.04921875 0.04609375 0.0984375
0 0.58125 0.053125 0.05546875 0.07734375
1 0.0890625 0.64375 0.178125 0.38125
1 0.19140625 0.36953125 0.325 0.22421875
1 0.553125 0.74453125 0.70234375 0.4859375
1 0.94453125 0.21328125 0.1109375 0.2078125
1 0.7421875 0.2484375 0.14921875 0.190625