0 0.1703125 0.45390625 0.1484375 0.27421875
0 0.425 0.41015625 0.1671875 0.321875
0 0.6046875 0.3421875 0.18046875 0.2578125
0 0.84453125 0.21953125 0.128125 0.12421875
0 0.76953125 0.29453125 0.09453125 0.1875
0 0.69296875 0.2453125 0.109375 0.15
0 0.53046875 0.28515625 0.09921875 0.1203125
0 0.0890625 0.39375 0.08046875 0.1171875
0 0.2953125 0.35703125 0.10078125 0.13984375
1 0.790625 0.58515625 0.13359375 0.38671875
1 0.6171875 0.6578125 0.146875 0.45390625
1 0.14453125 0.81484375 0.23046875 0.3703125
1 0.8984375 0.496875 0.10390625 0.309375