0 0.0390625 0.45625 0.06953125 0.10546875
0 0.1140625 0.44375 0.084375 0.1296875
0 0.178125 0.440625 0.05546875 0.1234375
0 0.24609375 0.4171875 0.05 0.1234375
0 0.309375 0.40546875 0.0453125 0.10390625
0 0.32109375 0.37109375 0.034375 0.065625
0 0.35234375 0.3734375 0.03125 0.05078125
0 0.3671875 0.3546875 0.03515625 0.07890625
0 0.41328125 0.39296875 0.06484375 0.09921875
0 0.4390625 0.334375 0.0359375 0.071875
0 0.49375 0.36953125 0.04140625 0.07734375
0 0.5328125 0.278125 0.05390625 0.07578125
0 0.54609375 0.36015625 0.0578125 0.08671875
0 0.58828125 0.30078125 0.05625 0.08203125
0 0.61875 0.33046875 0.04453125 0.06796875
0 0.68671875 0.3171875 0.053125 0.08671875
0 0.73125 0.2796875 0.0484375 0.06484375
0 0.75703125 0.32265625 0.04296875 0.06640625
0 0.815625 0.29375 0.05 0.07265625
0 0.87265625 0.28125 0.05 0.07109375
1 0.9203125 0.44609375 0.065625 0.2109375
1 0.846875 0.46953125 0.06640625 0.20859375
1 0.765625 0.4703125 0.0453125 0.2296875
1 0.696875 0.471875 0.05625 0.21328125
1 0.6328125 0.49296875 0.06171875 0.21796875
1 0.5640625 0.50703125 0.05859375 0.20703125
1 0.49921875 0.5265625 0.05625 0.18984375
1 0.42734375 0.5515625 0.0453125 0.18828125
1 0.3625 0.55390625 0.03984375 0.1796875
1 0.2984375 0.5640625 0.05078125 0.17890625
1 0.2421875 0.58125 0.0359375 0.1875
1 0.17578125 0.58671875 0.04609375 0.19140625
1 0.0359375 0.60234375 0.0703125 0.165625
1 0.10703125 0.60234375 0.0578125 0.16796875