0 0.34609375 0.33828125 0.15234375 0.33828125
0 0.4125 0.1375 0.11328125 0.1890625
0 0.4859375 0.1671875 0.16484375 0.2125
0 0.56484375 0.36953125 0.10859375 0.19921875
0 0.84296875 0.18828125 0.05859375 0.10625
0 0.91484375 0.18828125 0.0703125 0.1046875
0 0.8015625 0.15078125 0.06796875 0.09609375
0 0.35625 0.04921875 0.04609375 0.0984375
0 0.41875 0.053125 0.05546875 0.07734375
1 0.9109375 0.64375 0.178125 0.38125
1 0.80859375 0.36953125 0.325 0.22421875
1 0.446875 0.74453125 0.70234375 0.4859375
1 0.05546875 0.21328125 0.1109375 0.2078125
1 0.2578125 0.2484375 0.14921875 0.190625