0 0.9609375 0.45625 0.06953125 0.10546875
0 0.8859375 0.44375 0.084375 0.1296875
0 0.821875 0.440625 0.05546875 0.1234375
0 0.75390625 0.4171875 0.05 0.1234375
0 0.690625 0.40546875 0.0453125 0.10390625
0 0.67890625 0.37109375 0.034375 0.065625
0 0.64765625 0.3734375 0.03125 0.05078125
0 0.6328125 0.3546875 0.03515625 0.07890625
0 0.58671875 0.39296875 0.06484375 0.09921875
0 0.5609375 0.334375 0.0359375 0.071875
0 0.50625 0.36953125 0.04140625 0.07734375
0 0.4671875 0.278125 0.05390625 0.07578125
0 0.45390625 0.36015625 0.0578125 0.08671875
0 0.41171875 0.30078125 0.05625 0.08203125
0 0.38125 0.33046875 0.04453125 0.06796875
0 0.31328125 0.3171875 0.053125 0.08671875
0 0.26875 0.2796875 0.0484375 0.06484375
0 0.24296875 0.32265625 0.04296875 0.06640625
0 0.184375 0.29375 0.05 0.07265625
0 0.12734375 0.28125 0.05 0.07109375
1 0.0796875 0.44609375 0.065625 0.2109375
1 0.153125 0.46953125 0.06640625 0.20859375
1 0.234375 0.4703125 0.0453125 0.2296875
1 0.303125 0.471875 0.05625 0.21328125
1 0.3671875 0.49296875 0.06171875 0.21796875
1 0.4359375 0.50703125 0.05859375 0.20703125
1 0.50078125 0.5265625 0.05625 0.18984375
1 0.57265625 0.5515625 0.0453125 0.18828125
1 0.6375 0.55390625 0.03984375 0.1796875
1 0.7015625 0.5640625 0.05078125 0.17890625
1 0.7578125 0.58125 0.0359375 0.1875
1 0.82421875 0.58671875 0.04609375 0.19140625
1 0.9640625 0.60234375 0.0703125 0.165625
1 0.89296875 0.60234375 0.0578125 0.16796875