0 0.8109375 0.26328125 0.06796875 0.1359375
0 0.76015625 0.21328125 0.0984375 0.11015625
0 0.66328125 0.2625 0.06953125 0.11484375
0 0.6046875 0.22890625 0.06015625 0.0859375
0 0.559375 0.16328125 0.084375 0.0921875
0 0.5421875 0.24453125 0.08359375 0.09765625
0 0.4578125 0.1671875 0.09140625 0.06953125
0 0.4546875 0.26953125 0.08125 0.11328125
0 0.37578125 0.20859375 0.0640625 0.10859375
0 0.31796875 0.159375 0.05078125 0.08125
0 0.3 0.26328125 0.0640625 0.096875
0 0.26171875 0.17890625 0.04296875 0.0875
0 0.20625 0.17421875 0.05703125 0.11015625
0 0.1140625 0.23828125 0.084375 0.15625
0 0.20546875 0.67421875 0.3921875 0.55859375
1 0.6484375 0.53203125 0.28515625 0.31484375