0 0.25 0.34296875 0.18828125 0.13671875
0 0.42265625 0.3890625 0.13046875 0.15234375
0 0.50703125 0.4328125 0.09296875 0.071875
0 0.57109375 0.4296875 0.05859375 0.0859375
0 0.62890625 0.465625 0.0875 0.1203125
0 0.7140625 0.4625 0.084375 0.0734375
0 0.7625 0.48671875 0.08359375 0.07734375
0 0.884375 0.51640625 0.0640625 0.0828125
1 0.85859375 0.6734375 0.12734375 0.16953125
1 0.7359375 0.65859375 0.12265625 0.20234375
1 0.58046875 0.63671875 0.134375 0.22265625
1 0.378125 0.59609375 0.20234375 0.2390625
1 0.1359375 0.59453125 0.271875 0.34375