0 0.0328125 0.26875 0.065625 0.13203125
0 0.15234375 0.28046875 0.0640625 0.10390625
0 0.20703125 0.27265625 0.07421875 0.12421875
0 0.2765625 0.2578125 0.06015625 0.10625
0 0.34453125 0.265625 0.0796875 0.1140625
0 0.453125 0.2125 0.07734375 0.12734375
0 0.5234375 0.2203125 0.09296875 0.11328125
0 0.61171875 0.18359375 0.06953125 0.115625
0 0.7625 0.1765625 0.0578125 0.121875
0 0.878125 0.184375 0.06328125 0.121875
1 0.040625 0.74453125 0.08125 0.5109375
1 0.19609375 0.7265625 0.12734375 0.546875
1 0.375 0.59140625 0.12578125 0.36484375
1 0.48359375 0.6578125 0.11328125 0.48203125
1 0.6203125 0.61484375 0.1453125 0.48671875
1 0.8109375 0.64296875 0.14296875 0.52109375
1 0.93125 0.55078125 0.1375 0.4546875