0 0.89453125 0.41796875 0.12421875 0.20703125
0 0.4 0.4265625 0.08125 0.13828125
0 0.31796875 0.475 0.11953125 0.18359375
0 0.20234375 0.24609375 0.0953125 0.17578125
0 0.5375 0.23125 0.0703125 0.14140625
0 0.6390625 0.1984375 0.03984375 0.1203125
0 0.67421875 0.2234375 0.04140625 0.15078125
0 0.79453125 0.2109375 0.053125 0.13984375
0 0.753125 0.14296875 0.0375 0.08671875
0 0.90390625 0.25625 0.06484375 0.09375
0 0.875 0.26171875 0.05859375 0.1171875
1 0.7875 0.7734375 0.425 0.453125
1 0.3109375 0.8296875 0.38828125 0.340625