0 0.84453125 0.27890625 0.07578125 0.12421875
0 0.8953125 0.27578125 0.08125 0.09609375
0 0.78359375 0.3171875 0.07734375 0.12421875
0 0.7203125 0.30234375 0.0578125 0.10546875
0 0.6265625 0.30390625 0.09453125 0.13671875
0 0.5578125 0.3171875 0.075 0.0875
0 0.446875 0.33515625 0.103125 0.15390625
0 0.334375 0.3140625 0.0703125 0.10546875
0 0.38984375 0.3328125 0.05859375 0.12421875
0 0.2109375 0.35546875 0.10703125 0.1640625
0 0.1265625 0.3265625 0.06328125 0.10390625
0 0.278125 0.2953125 0.13828125 0.1625
1 0.18515625 0.7578125 0.30390625 0.484375
1 0.43984375 0.7484375 0.18828125 0.50234375
1 0.62265625 0.675 0.16875 0.4765625
1 0.78671875 0.6125 0.1328125 0.39921875
1 0.9265625 0.571875 0.1 0.37734375