0 0.171875 0.453125 0.12734375 0.16953125
0 0.36015625 0.46171875 0.128125 0.13515625
0 0.55078125 0.45078125 0.15703125 0.12265625
0 0.82109375 0.45 0.08671875 0.10078125
0 0.98046875 0.3859375 0.03046875 0.040625
0 0.915625 0.39140625 0.046875 0.05390625
0 0.97734375 0.41640625 0.040625 0.0390625
0 0.9046875 0.42265625 0.04140625 0.046875
1 0.14609375 0.7265625 0.20703125 0.35
1 0.3546875 0.67734375 0.16484375 0.2828125
1 0.55703125 0.603125 0.1328125 0.1765625
1 0.80703125 0.5671875 0.090625 0.12265625
1 0.8890625 0.5484375 0.06875 0.11796875
1 0.9609375 0.54140625 0.0546875 0.11484375