0 0.9296875 0.209375 0.07265625 0.14296875
0 0.70703125 0.140625 0.053125 0.09140625
0 0.7140625 0.096875 0.0640625 0.0890625
0 0.80625 0.12578125 0.0609375 0.09609375
0 0.875 0.1453125 0.053125 0.07578125
0 0.9484375 0.13359375 0.078125 0.08046875
0 0.5328125 0.11640625 0.071875 0.07578125
0 0.56640625 0.08671875 0.0734375 0.11328125
0 0.43828125 0.0984375 0.07734375 0.07421875
0 0.3671875 0.171875 0.084375 0.15390625
0 0.2453125 0.15390625 0.12890625 0.16015625
0 0.1328125 0.115625 0.10703125 0.140625
1 0.23359375 0.70859375 0.3515625 0.5828125
1 0.09140625 0.446875 0.15234375 0.459375
1 0.5328125 0.45546875 0.17890625 0.3796875
1 0.36171875 0.47890625 0.2234375 0.44921875
1 0.69375 0.353125 0.18828125 0.31640625
1 0.909375 0.56640625 0.1796875 0.45390625