0 0.8078125 0.36171875 0.1328125 0.12890625
0 0.621875 0.40859375 0.1265625 0.11328125
0 0.43046875 0.4515625 0.11796875 0.08984375
0 0.1765625 0.51015625 0.08359375 0.06796875
0 0.075 0.49609375 0.0453125 0.0375
0 0.0953125 0.528125 0.04296875 0.04609375
0 0.025 0.5296875 0.05 0.05
1 0.87109375 0.6140625 0.209375 0.31796875
1 0.6546875 0.61171875 0.18828125 0.2796875
1 0.45234375 0.60546875 0.17421875 0.2203125
1 0.21171875 0.62578125 0.07890625 0.15390625
1 0.12734375 0.621875 0.08046875 0.1453125
1 0.03984375 0.62890625 0.0703125 0.12890625