0 0.721875 0.6265625 0.0734375 0.09765625
0 0.67109375 0.6375 0.0609375 0.08046875
0 0.63359375 0.66015625 0.0640625 0.07734375
0 0.634375 0.540625 0.05703125 0.053125
0 0.61171875 0.58828125 0.059375 0.05546875
0 0.5640625 0.515625 0.05859375 0.0625
0 0.4296875 0.5171875 0.0703125 0.07578125
0 0.41640625 0.45234375 0.06328125 0.05703125
0 0.44140625 0.37890625 0.06171875 0.05859375
0 0.52421875 0.303125 0.06328125 0.0859375
0 0.48125 0.2859375 0.0515625 0.05703125
0 0.2078125 0.42421875 0.0640625 0.09453125
0 0.14921875 0.42578125 0.0515625 0.0890625
0 0.23203125 0.646875 0.08984375 0.10625
0 0.115625 0.653125 0.07890625 0.10625
0 0.2609375 0.19921875 0.07265625 0.10234375
0 0.07109375 0.1125 0.06015625 0.06953125
0 0.34453125 0.059375 0.05546875 0.07890625
0 0.4296875 0.040625 0.05390625 0.08046875
0 0.7609375 0.07265625 0.05390625 0.0875
0 0.91640625 0.046875 0.0609375 0.09375
0 0.8078125 0.190625 0.0609375 0.084375
0 0.7453125 0.18515625 0.05234375 0.07265625
0 0.4578125 0.22578125 0.053125 0.06171875
0 0.42109375 0.23671875 0.05703125 0.08046875
0 0.39921875 0.63125 0.06484375 0.071875
0 0.475 0.78828125 0.075 0.08359375
0 0.928125 0.80859375 0.0640625 0.08125
1 0.74921875 0.85 0.2109375 0.25625
1 0.128125 0.853125 0.14296875 0.20546875
1 0.290625 0.82890625 0.1703125 0.246875
1 0.2546875 0.54921875 0.21640625 0.17578125
1 0.85 0.31328125 0.2421875 0.15703125
1 0.559375 0.74296875 0.0875 0.17734375