0 0.83125 0.28828125 0.05390625 0.12578125
0 0.78203125 0.22734375 0.06484375 0.090625
0 0.678125 0.278125 0.05625 0.09453125
0 0.61875 0.234375 0.04765625 0.08359375
0 0.55859375 0.24140625 0.05078125 0.0875
0 0.5703125 0.171875 0.05546875 0.05546875
0 0.4765625 0.2609375 0.09296875 0.1078125
0 0.48046875 0.17890625 0.0546875 0.1
0 0.40625 0.20234375 0.07265625 0.1234375
0 0.35234375 0.1578125 0.05390625 0.075
0 0.30546875 0.2421875 0.0578125 0.1
0 0.29765625 0.17578125 0.0640625 0.07109375
0 0.2328125 0.1609375 0.08203125 0.109375
0 0.12890625 0.203125 0.08046875 0.1125
1 0.62109375 0.55 0.2875 0.32265625
0 0.2046875 0.64375 0.3828125 0.6046875