0 0.965625 0.265625 0.06875 0.10625
0 0.8765625 0.23046875 0.0421875 0.0953125
0 0.85703125 0.1953125 0.0375 0.090625
0 0.82890625 0.20234375 0.04375 0.065625
0 0.73515625 0.18046875 0.053125 0.10546875
0 0.66328125 0.1546875 0.05 0.065625
0 0.59609375 0.18515625 0.0546875 0.11328125
0 0.640625 0.2046875 0.0671875 0.10078125
0 0.553125 0.15859375 0.03984375 0.1046875
0 0.49609375 0.1921875 0.05703125 0.1015625
0 0.503125 0.1375 0.065625 0.071875
0 0.46484375 0.1125 0.03984375 0.07890625
0 0.43046875 0.11953125 0.06171875 0.08984375
0 0.396875 0.090625 0.0328125 0.05625
0 0.32578125 0.12265625 0.075 0.10703125
0 0.1859375 0.08203125 0.05078125 0.09140625
0 0.2203125 0.0765625 0.046875 0.11015625
0 0.2890625 0.07109375 0.04765625 0.06640625
0 0.3984375 0.0578125 0.03046875 0.034375
1 0.1484375 0.31015625 0.08984375 0.25078125
1 0.23828125 0.4078125 0.1484375 0.35390625
1 0.359375 0.35390625 0.090625 0.23515625
1 0.55703125 0.59296875 0.33515625 0.57109375
1 0.84140625 0.50859375 0.17421875 0.36015625
1 0.9296875 0.45703125 0.0890625 0.23671875
1 0.69453125 0.40078125 0.09296875 0.29140625
1 0.378125 0.32734375 0.121875 0.23359375